Epoch: 0000 nll_train: 4466.3222045898 kl_train: -0.4010268450 mse_train: 0.0023262086 acc_train: 0.5003333782 nll_val: 496.4222106934 kl_val: -0.5726509690 mse_val: 0.0002585532 acc_val: 0.4985000000 time: 15.9529s
Epoch: 0001 nll_train: 3095.7191772461 kl_train: -0.4224488437 mse_train: 0.0016123537 acc_train: 0.4950599407 nll_val: 227.0564422607 kl_val: -0.4177066684 mse_val: 0.0001182586 acc_val: 0.5160000000 time: 15.2811s
Epoch: 0003 nll_train: 1473.3057250977 kl_train: -0.2955962718 mse_train: 0.0007673464 acc_train: 0.4954808728 nll_val: 125.5177993774 kl_val: -0.2454427332 mse_val: 0.0000653739 acc_val: 0.5015000000 time: 15.3329s
