Epoch: 0000 nll_train: 7204.1888427734 kl_train: -0.9202045500 mse_train: 0.0037521820 acc_train: 0.5062028556 nll_val: 251.8234863281 kl_val: -0.9682097435 mse_val: 0.0001311581 acc_val: 0.5130000000 time: 16.3383s
Epoch: 0001 nll_train: 2618.2410888672 kl_train: -0.3828083649 mse_train: 0.0013636675 acc_train: 0.5038826778 nll_val: 166.7980957031 kl_val: -0.5828646421 mse_val: 0.0000868740 acc_val: 0.5045000000 time: 16.3709s
Epoch: 0000 nll_train: 1403.7433776855 kl_train: -0.3316683024 mse_train: 0.0007311162 acc_train: 0.4943494073 nll_val: 244.5802764893 kl_val: -0.5393313766 mse_val: 0.0001273856 acc_val: 0.5010000000 time: 16.3494s
